58632,58452,58380,58376,58395,58162,58384,58445,58314,58424,58584,58373,58491,58446,57834,58667,58589,58494,58682,58544,58520,58157,58084,58390,58417,58454,58077,58162,58398,58376


taxa de afastamento do otimo

0.1335619 0.1308937 0.1298219 0.1297622 0.1300454 0.1265603 0.1298815 0.1307896 0.1288370 0.1304772 0.1328520 0.1297175 0.1314732 0.1308045 0.1216067 0.1340788
0.1329260 0.1315178 0.1343001 0.1322595 0.1319036 0.1264852 0.1253874 0.1299709
0.1303730 0.1309235 0.1252820 0.1265603 0.1300901 0.1297622

296.85, 297.54, 298.47 ,296.07 ,300.93 ,296.04, 296.94 ,304.49 ,298.53, 298.03, 297, 297.35, 296.48, 297.63, 296.74, 296.76, 298.49, 298.49, 293.1 ,296.25 , 293.86, 299 ,296.39 ,296.69, 295.93 ,297.81, 297.13, 299.56 ,298.73 ,300.69
