50
0 1 8
0 2 20
0 3 24
0 4 9
0 5 11
0 6 3
0 7 25
0 8 9
0 9 24
0 10 20
0 11 1
0 12 6
0 13 13
0 14 3
0 15 28
0 16 24
0 17 8
0 18 20
0 19 11
0 20 23
0 21 4
0 22 20
0 23 10
0 24 18
0 25 11
0 26 4
0 27 10
0 28 19
0 29 27
0 30 26
0 31 8
0 32 27
0 33 3
0 34 8
0 35 21
0 36 4
0 37 20
0 38 20
0 39 10
0 40 22
0 41 8
0 42 3
0 43 14
0 44 7
0 45 6
0 46 6
0 47 9
0 48 2
0 49 25
1 2 8
1 3 12
1 4 24
1 5 29
1 6 5
1 7 29
1 8 21
1 9 25
1 10 27
1 11 1
1 12 14
1 13 23
1 14 17
1 15 10
1 16 15
1 17 12
1 18 14
1 19 28
1 20 19
1 21 19
1 22 14
1 23 29
1 24 2
1 25 26
1 26 14
1 27 16
1 28 5
1 29 24
1 30 7
1 31 6
1 32 30
1 33 16
1 34 5
1 35 10
1 36 2
1 37 18
1 38 6
1 39 16
1 40 15
1 41 22
1 42 19
1 43 19
1 44 24
1 45 6
1 46 23
1 47 13
1 48 27
1 49 17
2 3 28
2 4 9
2 5 25
2 6 22
2 7 28
2 8 12
2 9 9
2 10 18
2 11 9
2 12 8
2 13 28
2 14 25
2 15 25
2 16 30
2 17 12
2 18 6
2 19 16
2 20 16
2 21 9
2 22 23
2 23 20
2 24 9
2 25 3
2 26 1
2 27 8
2 28 25
2 29 29
2 30 26
2 31 19
2 32 24
2 33 11
2 34 17
2 35 13
2 36 23
2 37 26
2 38 23
2 39 23
2 40 8
2 41 22
2 42 16
2 43 23
2 44 22
2 45 12
2 46 21
2 47 22
2 48 9
2 49 28
3 4 17
3 5 21
3 6 21
3 7 20
3 8 6
3 9 17
3 10 3
3 11 29
3 12 16
3 13 10
3 14 25
3 15 24
3 16 20
3 17 21
3 18 26
3 19 7
3 20 4
3 21 27
3 22 24
3 23 21
3 24 19
3 25 5
3 26 1
3 27 15
3 28 17
3 29 5
3 30 27
3 31 25
3 32 14
3 33 19
3 34 5
3 35 11
3 36 21
3 37 10
3 38 14
3 39 28
3 40 26
3 41 8
3 42 3
3 43 10
3 44 18
3 45 16
3 46 17
3 47 26
3 48 14
3 49 11
4 5 15
4 6 9
4 7 26
4 8 16
4 9 16
4 10 15
4 11 23
4 12 12
4 13 10
4 14 13
4 15 25
4 16 26
4 17 9
4 18 27
4 19 13
4 20 16
4 21 2
4 22 24
4 23 30
4 24 8
4 25 4
4 26 8
4 27 6
4 28 21
4 29 3
4 30 22
4 31 19
4 32 8
4 33 2
4 34 16
4 35 26
4 36 9
4 37 6
4 38 7
4 39 28
4 40 20
4 41 5
4 42 22
4 43 7
4 44 2
4 45 23
4 46 21
4 47 15
4 48 5
4 49 6
5 6 10
5 7 8
5 8 16
5 9 14
5 10 30
5 11 21
5 12 26
5 13 16
5 14 7
5 15 4
5 16 23
5 17 27
5 18 29
5 19 10
5 20 22
5 21 25
5 22 9
5 23 19
5 24 18
5 25 22
5 26 10
5 27 4
5 28 12
5 29 22
5 30 5
5 31 30
5 32 26
5 33 30
5 34 1
5 35 20
5 36 14
5 37 5
5 38 11
5 39 28
5 40 16
5 41 28
5 42 16
5 43 21
5 44 27
5 45 15
5 46 28
5 47 19
5 48 25
5 49 21
6 7 1
6 8 17
6 9 3
6 10 5
6 11 28
6 12 15
6 13 12
6 14 29
6 15 16
6 16 9
6 17 30
6 18 10
6 19 20
6 20 4
6 21 14
6 22 18
6 23 28
6 24 24
6 25 3
6 26 16
6 27 7
6 28 24
6 29 5
6 30 11
6 31 27
6 32 1
6 33 25
6 34 21
6 35 16
6 36 17
6 37 9
6 38 16
6 39 4
6 40 18
6 41 27
6 42 9
6 43 7
6 44 18
6 45 2
6 46 9
6 47 25
6 48 10
6 49 28
7 8 24
7 9 12
7 10 11
7 11 23
7 12 14
7 13 18
7 14 22
7 15 9
7 16 10
7 17 4
7 18 28
7 19 5
7 20 19
7 21 1
7 22 5
7 23 21
7 24 26
7 25 28
7 26 21
7 27 11
7 28 16
7 29 7
7 30 8
7 31 9
7 32 1
7 33 17
7 34 26
7 35 28
7 36 24
7 37 15
7 38 24
7 39 21
7 40 25
7 41 29
7 42 28
7 43 16
7 44 10
7 45 26
7 46 24
7 47 13
7 48 8
7 49 14
8 9 20
8 10 28
8 11 28
8 12 30
8 13 16
8 14 4
8 15 4
8 16 4
8 17 19
8 18 26
8 19 9
8 20 20
8 21 7
8 22 21
8 23 15
8 24 13
8 25 4
8 26 14
8 27 28
8 28 11
8 29 1
8 30 22
8 31 11
8 32 14
8 33 21
8 34 11
8 35 4
8 36 9
8 37 24
8 38 27
8 39 11
8 40 5
8 41 21
8 42 20
8 43 3
8 44 5
8 45 20
8 46 23
8 47 30
8 48 12
8 49 1
9 10 20
9 11 14
9 12 11
9 13 1
9 14 14
9 15 21
9 16 2
9 17 10
9 18 9
9 19 7
9 20 30
9 21 1
9 22 2
9 23 27
9 24 25
9 25 25
9 26 9
9 27 7
9 28 22
9 29 25
9 30 21
9 31 9
9 32 22
9 33 21
9 34 24
9 35 22
9 36 22
9 37 6
9 38 1
9 39 29
9 40 15
9 41 30
9 42 4
9 43 21
9 44 6
9 45 3
9 46 4
9 47 29
9 48 18
9 49 29
10 11 1
10 12 25
10 13 16
10 14 8
10 15 2
10 16 1
10 17 7
10 18 21
10 19 24
10 20 4
10 21 6
10 22 21
10 23 3
10 24 24
10 25 3
10 26 18
10 27 22
10 28 21
10 29 21
10 30 30
10 31 28
10 32 12
10 33 28
10 34 15
10 35 6
10 36 12
10 37 28
10 38 9
10 39 3
10 40 16
10 41 5
10 42 6
10 43 24
10 44 21
10 45 2
10 46 30
10 47 5
10 48 26
10 49 20
11 12 14
11 13 30
11 14 17
11 15 27
11 16 5
11 17 21
11 18 19
11 19 23
11 20 1
11 21 7
11 22 11
11 23 18
11 24 13
11 25 20
11 26 9
11 27 22
11 28 22
11 29 27
11 30 12
11 31 2
11 32 29
11 33 22
11 34 12
11 35 16
11 36 1
11 37 11
11 38 9
11 39 4
11 40 18
11 41 11
11 42 2
11 43 24
11 44 5
11 45 14
11 46 8
11 47 8
11 48 6
11 49 12
12 13 23
12 14 27
12 15 27
12 16 26
12 17 25
12 18 12
12 19 8
12 20 2
12 21 14
12 22 25
12 23 19
12 24 17
12 25 22
12 26 6
12 27 11
12 28 17
12 29 6
12 30 4
12 31 2
12 32 1
12 33 22
12 34 20
12 35 6
12 36 28
12 37 7
12 38 9
12 39 6
12 40 5
12 41 18
12 42 10
12 43 27
12 44 17
12 45 7
12 46 17
12 47 28
12 48 21
12 49 5
13 14 22
13 15 1
13 16 9
13 17 22
13 18 15
13 19 29
13 20 29
13 21 5
13 22 26
13 23 18
13 24 10
13 25 9
13 26 5
13 27 16
13 28 19
13 29 29
13 30 30
13 31 25
13 32 18
13 33 1
13 34 5
13 35 11
13 36 27
13 37 16
13 38 4
13 39 9
13 40 16
13 41 2
13 42 13
13 43 25
13 44 17
13 45 8
13 46 16
13 47 26
13 48 1
13 49 16
14 15 3
14 16 21
14 17 28
14 18 18
14 19 20
14 20 28
14 21 16
14 22 4
14 23 20
14 24 10
14 25 5
14 26 20
14 27 22
14 28 6
14 29 30
14 30 29
14 31 24
14 32 1
14 33 10
14 34 21
14 35 8
14 36 27
14 37 9
14 38 24
14 39 9
14 40 27
14 41 2
14 42 30
14 43 17
14 44 18
14 45 29
14 46 20
14 47 28
14 48 16
14 49 16
15 16 3
15 17 15
15 18 10
15 19 15
15 20 25
15 21 28
15 22 20
15 23 6
15 24 6
15 25 7
15 26 22
15 27 26
15 28 30
15 29 12
15 30 4
15 31 29
15 32 29
15 33 30
15 34 15
15 35 4
15 36 30
15 37 26
15 38 12
15 39 18
15 40 15
15 41 26
15 42 12
15 43 5
15 44 7
15 45 21
15 46 14
15 47 3
15 48 13
15 49 2
16 17 5
16 18 18
16 19 8
16 20 11
16 21 30
16 22 26
16 23 8
16 24 13
16 25 20
16 26 28
16 27 7
16 28 9
16 29 23
16 30 30
16 31 10
16 32 9
16 33 24
16 34 18
16 35 22
16 36 3
16 37 17
16 38 22
16 39 8
16 40 27
16 41 26
16 42 11
16 43 25
16 44 26
16 45 2
16 46 13
16 47 14
16 48 18
16 49 3
17 18 5
17 19 2
17 20 9
17 21 3
17 22 17
17 23 11
17 24 24
17 25 30
17 26 15
17 27 20
17 28 17
17 29 6
17 30 2
17 31 4
17 32 13
17 33 17
17 34 10
17 35 21
17 36 11
17 37 4
17 38 30
17 39 26
17 40 4
17 41 12
17 42 2
17 43 23
17 44 27
17 45 20
17 46 2
17 47 30
17 48 21
17 49 17
18 19 12
18 20 18
18 21 4
18 22 29
18 23 28
18 24 1
18 25 24
18 26 7
18 27 30
18 28 22
18 29 15
18 30 12
18 31 5
18 32 7
18 33 2
18 34 1
18 35 23
18 36 5
18 37 21
18 38 5
18 39 4
18 40 22
18 41 8
18 42 10
18 43 15
18 44 18
18 45 11
18 46 12
18 47 2
18 48 6
18 49 3
19 20 23
19 21 13
19 22 15
19 23 20
19 24 28
19 25 28
19 26 3
19 27 21
19 28 20
19 29 1
19 30 28
19 31 12
19 32 27
19 33 1
19 34 30
19 35 3
19 36 20
19 37 27
19 38 11
19 39 23
19 40 19
19 41 5
19 42 5
19 43 19
19 44 1
19 45 12
19 46 6
19 47 22
19 48 22
19 49 12
20 21 16
20 22 12
20 23 28
20 24 21
20 25 19
20 26 16
20 27 14
20 28 8
20 29 30
20 30 27
20 31 4
20 32 22
20 33 6
20 34 9
20 35 1
20 36 10
20 37 23
20 38 5
20 39 4
20 40 14
20 41 10
20 42 1
20 43 6
20 44 16
20 45 15
20 46 15
20 47 4
20 48 19
20 49 3
21 22 23
21 23 17
21 24 5
21 25 21
21 26 11
21 27 1
21 28 19
21 29 22
21 30 28
21 31 17
21 32 18
21 33 22
21 34 5
21 35 29
21 36 22
21 37 9
21 38 6
21 39 14
21 40 22
21 41 20
21 42 4
21 43 10
21 44 22
21 45 21
21 46 25
21 47 20
21 48 21
21 49 11
22 23 11
22 24 14
22 25 13
22 26 19
22 27 23
22 28 5
22 29 19
22 30 14
22 31 6
22 32 1
22 33 21
22 34 7
22 35 28
22 36 1
22 37 8
22 38 14
22 39 4
22 40 13
22 41 12
22 42 25
22 43 1
22 44 11
22 45 19
22 46 8
22 47 4
22 48 29
22 49 25
23 24 26
23 25 3
23 26 30
23 27 11
23 28 20
23 29 29
23 30 21
23 31 16
23 32 4
23 33 16
23 34 6
23 35 5
23 36 16
23 37 2
23 38 2
23 39 27
23 40 12
23 41 10
23 42 14
23 43 15
23 44 28
23 45 10
23 46 29
23 47 21
23 48 8
23 49 26
24 25 9
24 26 15
24 27 13
24 28 26
24 29 21
24 30 18
24 31 1
24 32 18
24 33 27
24 34 29
24 35 23
24 36 14
24 37 30
24 38 1
24 39 14
24 40 9
24 41 4
24 42 22
24 43 21
24 44 1
24 45 9
24 46 1
24 47 25
24 48 28
24 49 7
25 26 12
25 27 27
25 28 2
25 29 5
25 30 10
25 31 7
25 32 25
25 33 13
25 34 29
25 35 15
25 36 5
25 37 20
25 38 29
25 39 12
25 40 11
25 41 24
25 42 18
25 43 25
25 44 24
25 45 15
25 46 29
25 47 12
25 48 3
25 49 19
26 27 4
26 28 10
26 29 30
26 30 30
26 31 27
26 32 12
26 33 8
26 34 24
26 35 30
26 36 29
26 37 5
26 38 1
26 39 7
26 40 14
26 41 5
26 42 27
26 43 20
26 44 28
26 45 5
26 46 30
26 47 5
26 48 22
26 49 30
27 28 17
27 29 18
27 30 11
27 31 30
27 32 8
27 33 14
27 34 12
27 35 6
27 36 17
27 37 5
27 38 16
27 39 2
27 40 3
27 41 29
27 42 29
27 43 21
27 44 28
27 45 28
27 46 20
27 47 7
27 48 21
27 49 2
28 29 23
28 30 24
28 31 23
28 32 2
28 33 22
28 34 11
28 35 22
28 36 4
28 37 19
28 38 1
28 39 21
28 40 10
28 41 25
28 42 23
28 43 25
28 44 11
28 45 13
28 46 30
28 47 28
28 48 30
28 49 3
29 30 13
29 31 14
29 32 2
29 33 4
29 34 3
29 35 2
29 36 27
29 37 19
29 38 12
29 39 11
29 40 7
29 41 21
29 42 5
29 43 30
29 44 10
29 45 5
29 46 6
29 47 11
29 48 17
29 49 10
30 31 11
30 32 9
30 33 19
30 34 23
30 35 19
30 36 21
30 37 3
30 38 21
30 39 10
30 40 16
30 41 14
30 42 26
30 43 20
30 44 19
30 45 30
30 46 12
30 47 13
30 48 19
30 49 25
31 32 1
31 33 22
31 34 11
31 35 29
31 36 22
31 37 25
31 38 30
31 39 6
31 40 10
31 41 11
31 42 13
31 43 24
31 44 26
31 45 10
31 46 1
31 47 22
31 48 24
31 49 27
32 33 20
32 34 11
32 35 5
32 36 1
32 37 3
32 38 15
32 39 25
32 40 22
32 41 20
32 42 1
32 43 3
32 44 12
32 45 6
32 46 25
32 47 10
32 48 1
32 49 23
33 34 1
33 35 24
33 36 29
33 37 13
33 38 22
33 39 7
33 40 9
33 41 14
33 42 3
33 43 30
33 44 8
33 45 4
33 46 5
33 47 9
33 48 7
33 49 22
34 35 2
34 36 26
34 37 17
34 38 30
34 39 9
34 40 1
34 41 23
34 42 23
34 43 7
34 44 8
34 45 7
34 46 22
34 47 13
34 48 12
34 49 24
35 36 7
35 37 6
35 38 8
35 39 24
35 40 17
35 41 4
35 42 3
35 43 16
35 44 11
35 45 4
35 46 28
35 47 4
35 48 16
35 49 10
36 37 2
36 38 29
36 39 5
36 40 1
36 41 19
36 42 30
36 43 26
36 44 9
36 45 23
36 46 24
36 47 23
36 48 27
36 49 27
37 38 17
37 39 4
37 40 15
37 41 15
37 42 23
37 43 10
37 44 23
37 45 29
37 46 30
37 47 13
37 48 16
37 49 27
38 39 28
38 40 23
38 41 19
38 42 21
38 43 11
38 44 9
38 45 13
38 46 16
38 47 29
38 48 11
38 49 14
39 40 23
39 41 24
39 42 14
39 43 13
39 44 2
39 45 10
39 46 2
39 47 27
39 48 14
39 49 30
40 41 2
40 42 28
40 43 20
40 44 17
40 45 17
40 46 17
40 47 15
40 48 5
40 49 15
41 42 26
41 43 18
41 44 17
41 45 18
41 46 8
41 47 21
41 48 13
41 49 22
42 43 2
42 44 15
42 45 24
42 46 8
42 47 25
42 48 5
42 49 4
43 44 21
43 45 8
43 46 30
43 47 10
43 48 20
43 49 15
44 45 25
44 46 22
44 47 3
44 48 30
44 49 15
45 46 28
45 47 24
45 48 11
45 49 10
46 47 21
46 48 4
46 49 2
47 48 2
47 49 6
48 49 4
