50
0 1 8
0 2 20
0 3 24
0 4 9
0 5 11
0 6 3
0 7 25
0 8 9
0 9 24
0 10 20
0 11 1
0 12 6
0 13 13
0 14 3
0 15 28
0 16 24
0 17 8
0 18 20
0 19 11
0 20 23
0 21 4
0 22 20
0 23 10
0 24 18
0 25 11
0 26 4
0 27 10
0 28 19
0 29 27
0 30 26
0 31 8
0 32 27
0 33 3
0 34 8
0 35 21
0 36 4
0 37 20
0 38 20
0 39 10
0 40 22
0 41 8
0 42 3
0 43 14
0 44 7
0 45 6
0 46 6
0 47 9
0 48 2
0 49 25
1 0 8
1 2 12
1 3 24
1 4 29
1 5 5
1 6 29
1 7 21
1 8 25
1 9 27
1 10 1
1 11 14
1 12 23
1 13 17
1 14 10
1 15 15
1 16 12
1 17 14
1 18 28
1 19 19
1 20 19
1 21 14
1 22 29
1 23 2
1 24 26
1 25 14
1 26 16
1 27 5
1 28 24
1 29 7
1 30 6
1 31 30
1 32 16
1 33 5
1 34 10
1 35 2
1 36 18
1 37 6
1 38 16
1 39 15
1 40 22
1 41 19
1 42 19
1 43 24
1 44 6
1 45 23
1 46 13
1 47 27
1 48 17
1 49 28
2 0 9
2 1 25
2 3 22
2 4 28
2 5 12
2 6 9
2 7 18
2 8 9
2 9 8
2 10 28
2 11 25
2 12 25
2 13 30
2 14 12
2 15 6
2 16 16
2 17 16
2 18 9
2 19 23
2 20 20
2 21 9
2 22 3
2 23 1
2 24 8
2 25 25
2 26 29
2 27 26
2 28 19
2 29 24
2 30 11
2 31 17
2 32 13
2 33 23
2 34 26
2 35 23
2 36 23
2 37 8
2 38 22
2 39 16
2 40 23
2 41 22
2 42 12
2 43 21
2 44 22
2 45 9
2 46 28
2 47 17
2 48 21
2 49 21
3 0 20
3 1 6
3 2 17
3 4 3
3 5 29
3 6 16
3 7 10
3 8 25
3 9 24
3 10 20
3 11 21
3 12 26
3 13 7
3 14 4
3 15 27
3 16 24
3 17 21
3 18 19
3 19 5
3 20 1
3 21 15
3 22 17
3 23 5
3 24 27
3 25 25
3 26 14
3 27 19
3 28 5
3 29 11
3 30 21
3 31 10
3 32 14
3 33 28
3 34 26
3 35 8
3 36 3
3 37 10
3 38 18
3 39 16
3 40 17
3 41 26
3 42 14
3 43 11
3 44 15
3 45 9
3 46 26
3 47 16
3 48 16
3 49 15
4 0 23
4 1 12
4 2 10
4 3 13
4 5 25
4 6 26
4 7 9
4 8 27
4 9 13
4 10 16
4 11 2
4 12 24
4 13 30
4 14 8
4 15 4
4 16 8
4 17 6
4 18 21
4 19 3
4 20 22
4 21 19
4 22 8
4 23 2
4 24 16
4 25 26
4 26 9
4 27 6
4 28 7
4 29 28
4 30 20
4 31 5
4 32 22
4 33 7
4 34 2
4 35 23
4 36 21
4 37 15
4 38 5
4 39 6
4 40 10
4 41 8
4 42 16
4 43 14
4 44 30
4 45 21
4 46 26
4 47 16
4 48 7
4 49 4
5 0 23
5 1 27
5 2 29
5 3 10
5 4 22
5 6 25
5 7 9
5 8 19
5 9 18
5 10 22
5 11 10
5 12 4
5 13 12
5 14 22
5 15 5
5 16 30
5 17 26
5 18 30
5 19 1
5 20 20
5 21 14
5 22 5
5 23 11
5 24 28
5 25 16
5 26 28
5 27 16
5 28 21
5 29 27
5 30 15
5 31 28
5 32 19
5 33 25
5 34 21
5 35 1
5 36 17
5 37 3
5 38 5
5 39 28
5 40 15
5 41 12
5 42 29
5 43 16
5 44 9
5 45 30
5 46 10
5 47 20
5 48 4
5 49 14
6 0 18
6 1 28
6 2 24
6 3 3
6 4 16
6 5 7
6 7 24
6 8 5
6 9 11
6 10 27
6 11 1
6 12 25
6 13 21
6 14 16
6 15 17
6 16 9
6 17 16
6 18 4
6 19 18
6 20 27
6 21 9
6 22 7
6 23 18
6 24 2
6 25 9
6 26 25
6 27 10
6 28 28
6 29 24
6 30 12
6 31 11
6 32 23
6 33 14
6 34 18
6 35 22
6 36 9
6 37 10
6 38 4
6 39 28
6 40 5
6 41 19
6 42 1
6 43 5
6 44 21
6 45 26
6 46 28
6 47 21
6 48 11
6 49 16
7 0 7
7 1 8
7 2 9
7 3 1
7 4 17
7 5 26
7 6 28
7 8 24
7 9 15
7 10 24
7 11 21
7 12 25
7 13 29
7 14 28
7 15 16
7 16 10
7 17 26
7 18 24
7 19 13
7 20 8
7 21 14
7 22 20
7 23 28
7 24 28
7 25 30
7 26 16
7 27 4
7 28 4
7 29 4
7 30 19
7 31 26
7 32 9
7 33 20
7 34 7
7 35 21
7 36 15
7 37 13
7 38 4
7 39 14
7 40 28
7 41 11
7 42 1
7 43 22
7 44 11
7 45 14
7 46 21
7 47 11
7 48 4
7 49 9
8 0 24
8 1 27
8 2 11
8 3 5
8 4 21
8 5 20
8 6 3
8 7 5
8 9 20
8 10 23
8 11 30
8 12 12
8 13 1
8 14 20
8 15 14
8 16 11
8 17 1
8 18 14
8 19 21
8 20 2
8 21 10
8 22 9
8 23 7
8 24 30
8 25 1
8 26 2
8 27 27
8 28 25
8 29 25
8 30 9
8 31 7
8 32 22
8 33 25
8 34 21
8 35 9
8 36 22
8 37 21
8 38 24
8 39 22
8 40 22
8 41 6
8 42 1
8 43 29
8 44 15
8 45 30
8 46 4
8 47 21
8 48 6
8 49 3
9 0 4
9 1 29
9 2 18
9 3 29
9 4 1
9 5 25
9 6 16
9 7 8
9 8 2
9 10 1
9 11 7
9 12 21
9 13 24
9 14 4
9 15 6
9 16 21
9 17 3
9 18 24
9 19 3
9 20 18
9 21 22
9 22 21
9 23 21
9 24 30
9 25 28
9 26 12
9 27 28
9 28 15
9 29 6
9 30 12
9 31 28
9 32 9
9 33 3
9 34 16
9 35 5
9 36 6
9 37 24
9 38 21
9 39 2
9 40 30
9 41 5
9 42 26
9 43 20
9 44 14
9 45 30
9 46 17
9 47 27
9 48 5
9 49 21
10 0 19
10 1 23
10 2 1
10 3 7
10 4 11
10 5 18
10 6 13
10 7 20
10 8 9
10 9 22
10 11 22
10 12 27
10 13 12
10 14 2
10 15 29
10 16 22
10 17 12
10 18 16
10 19 1
10 20 11
10 21 9
10 22 4
10 23 18
10 24 11
10 25 2
10 26 24
10 27 5
10 28 14
10 29 8
10 30 8
10 31 6
10 32 12
10 33 23
10 34 27
10 35 27
10 36 26
10 37 25
10 38 12
10 39 8
10 40 2
10 41 14
10 42 25
10 43 19
10 44 17
10 45 22
10 46 6
10 47 11
10 48 17
10 49 6
11 0 4
11 1 2
11 2 1
11 3 22
11 4 20
11 5 6
11 6 28
11 7 7
11 8 9
11 9 6
11 10 5
11 12 18
11 13 10
11 14 27
11 15 17
11 16 7
11 17 17
11 18 28
11 19 21
11 20 5
11 21 22
11 22 1
11 23 9
11 24 22
11 25 15
11 26 29
11 27 29
11 28 5
11 29 26
11 30 18
11 31 10
11 32 9
11 33 5
11 34 16
11 35 19
11 36 29
11 37 30
11 38 25
11 39 18
11 40 1
11 41 5
11 42 11
11 43 27
11 44 16
11 45 4
11 46 9
11 47 16
11 48 2
11 49 13
12 0 25
12 1 17
12 2 8
12 3 16
12 4 26
12 5 1
12 6 16
12 7 3
12 8 21
12 9 28
12 10 18
12 11 20
12 13 28
12 14 16
12 15 4
12 16 20
12 17 10
12 18 5
12 19 20
12 20 22
12 21 6
12 22 30
12 23 29
12 24 24
12 25 1
12 26 10
12 27 21
12 28 8
12 29 27
12 30 9
12 31 24
12 32 9
12 33 27
12 34 2
12 35 30
12 36 17
12 37 18
12 38 29
12 39 20
12 40 28
12 41 16
12 42 16
12 43 3
12 44 15
12 45 10
12 46 15
12 47 25
12 48 28
12 49 20
13 0 6
13 1 6
13 2 7
13 3 22
13 4 26
13 5 30
13 6 12
13 7 4
13 8 29
13 9 29
13 10 30
13 11 15
13 12 4
13 14 30
13 15 26
13 16 12
13 17 18
13 18 15
13 19 26
13 20 12
13 21 5
13 22 7
13 23 21
13 24 14
13 25 3
13 26 13
13 27 2
13 28 5
13 29 18
13 30 8
13 31 11
13 32 30
13 33 26
13 34 8
13 35 13
13 36 20
13 37 28
13 38 7
13 39 9
13 40 23
13 41 30
13 42 10
13 43 9
13 44 24
13 45 18
13 46 22
13 47 3
13 48 17
13 49 22
14 0 8
14 1 27
14 2 26
14 3 11
14 4 25
14 5 26
14 6 2
14 7 13
14 8 14
14 9 18
14 10 3
14 11 5
14 12 2
14 13 9
14 15 3
14 16 17
14 17 11
14 18 24
14 19 30
14 20 15
14 21 20
14 22 17
14 23 6
14 24 2
14 25 4
14 26 13
14 27 17
14 28 10
14 29 21
14 30 11
14 31 4
14 32 30
14 33 26
14 34 4
14 35 12
14 36 2
14 37 23
14 38 27
14 39 20
14 40 2
14 41 30
14 42 21
14 43 17
14 44 12
14 45 18
14 46 4
14 47 29
14 48 28
14 49 1
15 0 24
15 1 7
15 2 30
15 3 22
15 4 15
15 5 12
15 6 5
15 7 7
15 8 2
15 9 1
15 10 23
15 11 5
15 12 21
15 13 5
15 14 4
15 16 22
15 17 8
15 18 10
15 19 15
15 20 18
15 21 11
15 22 12
15 23 2
15 24 6
15 25 3
15 26 23
15 27 13
15 28 15
15 29 20
15 30 28
15 31 28
15 32 3
15 33 21
15 34 20
15 35 1
15 36 28
15 37 12
15 38 27
15 39 1
15 40 30
15 41 3
15 42 20
15 43 27
15 44 11
15 45 23
15 46 19
15 47 5
15 48 5
15 49 19
16 0 1
16 1 12
16 2 6
16 3 22
16 4 22
16 5 12
16 6 16
16 7 12
16 8 28
16 9 21
16 10 19
16 11 16
16 12 14
16 13 8
16 14 30
16 15 27
16 17 4
16 18 22
16 19 6
16 20 9
16 21 1
16 22 10
16 23 23
16 24 5
16 25 4
16 26 14
16 27 10
16 28 1
16 29 6
16 30 16
16 31 15
16 32 15
16 33 4
16 34 19
16 35 3
16 36 23
16 37 17
16 38 5
16 39 21
16 40 11
16 41 1
16 42 19
16 43 22
16 44 28
16 45 17
16 46 18
16 47 22
16 48 5
16 49 29
17 0 22
17 1 9
17 2 6
17 3 14
17 4 22
17 5 20
17 6 4
17 7 10
17 8 22
17 9 21
17 10 25
17 11 20
17 12 21
17 13 11
17 14 11
17 15 14
17 16 13
17 18 19
17 19 23
17 20 5
17 21 19
17 22 14
17 23 6
17 24 1
17 25 21
17 26 7
17 27 28
17 28 1
17 29 8
17 30 14
17 31 4
17 32 13
17 33 12
17 34 25
17 35 1
17 36 11
17 37 19
17 38 8
17 39 4
17 40 29
17 41 25
17 42 26
17 43 3
17 44 30
17 45 11
17 46 20
17 47 29
17 48 21
17 49 16
18 0 4
18 1 16
18 2 6
18 3 5
18 4 16
18 5 2
18 6 2
18 7 27
18 8 12
18 9 10
18 10 14
18 11 15
18 12 28
18 13 10
18 14 29
18 15 21
18 16 8
18 17 26
18 19 9
18 20 15
18 21 13
18 22 26
18 23 21
18 24 18
18 25 1
18 26 18
18 27 27
18 28 29
18 29 23
18 30 14
18 31 30
18 32 1
18 33 14
18 34 9
18 35 4
18 36 22
18 37 21
18 38 1
18 39 9
18 40 1
18 41 25
18 42 28
18 43 7
18 44 12
18 45 27
18 46 2
18 47 5
18 48 10
18 49 7
19 0 25
19 1 13
19 2 29
19 3 15
19 4 5
19 5 20
19 6 29
19 7 12
19 8 11
19 9 24
19 10 18
19 11 25
19 12 24
19 13 15
19 14 29
19 15 12
19 16 3
19 17 19
19 18 4
19 20 10
19 21 30
19 22 30
19 23 27
19 24 12
19 25 8
19 26 24
19 27 30
19 28 29
19 29 5
19 30 1
19 31 7
19 32 14
19 33 5
19 34 27
19 35 20
19 36 28
19 37 5
19 38 30
19 39 5
19 40 22
19 41 30
19 42 17
19 43 18
19 44 11
19 45 30
19 46 8
19 47 14
19 48 12
19 49 6
20 0 17
20 1 5
20 2 16
20 3 2
20 4 3
20 5 29
20 6 29
20 7 21
20 8 28
20 9 28
20 10 20
20 11 7
20 12 21
20 13 2
20 14 23
20 15 24
20 16 23
20 17 2
20 18 22
20 19 11
20 21 22
20 22 4
20 23 19
20 24 1
20 25 21
20 26 10
20 27 25
20 28 23
20 29 25
20 30 11
20 31 13
20 32 30
20 33 28
20 34 30
20 35 3
20 36 13
20 37 14
20 38 2
20 39 4
20 40 3
20 41 2
20 42 27
20 43 19
20 44 12
20 45 11
20 46 7
20 47 21
20 48 5
20 49 30
21 0 10
21 1 5
21 2 6
21 3 11
21 4 17
21 5 10
21 6 11
21 7 9
21 8 19
21 9 23
21 10 19
21 11 21
21 12 3
21 13 21
21 14 10
21 15 16
21 16 14
21 17 26
21 18 20
21 19 19
21 20 30
21 22 12
21 23 13
21 24 19
21 25 25
21 26 1
21 27 22
21 28 11
21 29 29
21 30 22
21 31 25
21 32 30
21 33 6
21 34 10
21 35 11
21 36 13
21 37 24
21 38 26
21 39 10
21 40 1
21 41 22
21 42 24
21 43 27
21 44 20
21 45 11
21 46 5
21 47 1
21 48 3
21 49 15
22 0 25
22 1 22
22 2 20
22 3 1
22 4 3
22 5 12
22 6 6
22 7 25
22 8 10
22 9 1
22 10 23
22 11 1
22 12 24
22 13 29
22 14 13
22 15 22
22 16 7
22 17 9
22 18 14
22 19 3
22 20 30
22 21 8
22 23 4
22 24 5
22 25 9
22 26 7
22 27 22
22 28 2
22 29 26
22 30 17
22 31 30
22 32 9
22 33 1
22 34 23
22 35 23
22 36 7
22 37 8
22 38 7
22 39 22
22 40 13
22 41 12
22 42 24
22 43 7
22 44 6
22 45 8
22 46 24
22 47 17
22 48 4
22 49 3
23 0 16
23 1 11
23 2 4
23 3 28
23 4 4
23 5 16
23 6 10
23 7 2
23 8 29
23 9 5
23 10 1
23 11 19
23 12 30
23 13 26
23 14 9
23 15 23
23 16 24
23 17 23
23 18 27
23 19 27
23 20 17
23 21 4
23 22 15
23 24 15
23 25 23
23 26 10
23 27 23
23 28 29
23 29 30
23 30 13
23 31 16
23 32 27
23 33 28
23 34 23
23 35 19
23 36 21
23 37 11
23 38 9
23 39 13
23 40 16
23 41 29
23 42 11
23 43 14
23 44 23
23 45 24
23 46 14
23 47 13
23 48 2
23 49 10
24 0 2
24 1 27
24 2 14
24 3 30
24 4 2
24 5 28
24 6 20
24 7 17
24 8 17
24 9 17
24 10 15
24 11 5
24 12 15
24 13 26
24 14 18
24 15 17
24 16 18
24 17 8
24 18 21
24 19 13
24 20 22
24 21 2
24 22 15
24 23 24
24 25 8
24 26 25
24 27 5
24 28 4
24 29 21
24 30 8
24 31 30
24 32 10
24 33 20
24 34 15
24 35 25
24 36 22
24 37 3
24 38 30
24 39 15
24 40 28
24 41 24
24 42 11
24 43 10
24 44 21
24 45 4
24 46 2
24 47 2
24 48 6
24 49 4
25 0 30
25 1 27
25 2 4
25 3 2
25 4 29
25 5 2
25 6 4
25 7 21
25 8 19
25 9 8
25 10 17
25 11 23
25 12 30
25 13 2
25 14 15
25 15 22
25 16 3
25 17 6
25 18 1
25 19 25
25 20 13
25 21 27
25 22 28
25 23 17
25 24 14
25 26 5
25 27 2
25 28 10
25 29 26
25 30 20
25 31 29
25 32 9
25 33 9
25 34 28
25 35 4
25 36 29
25 37 9
25 38 10
25 39 7
25 40 9
25 41 27
25 42 30
25 43 16
25 44 30
25 45 7
25 46 9
25 47 27
25 48 10
25 49 5
26 0 18
26 1 27
26 2 29
26 3 22
26 4 14
26 5 29
26 6 21
26 7 29
26 8 2
26 9 12
26 10 9
26 11 28
26 12 17
26 13 2
26 14 29
26 15 29
26 16 4
26 17 26
26 18 27
26 19 9
26 20 29
26 21 20
26 22 30
26 23 14
26 24 28
26 25 13
26 27 24
26 28 29
26 29 14
26 30 26
26 31 22
26 32 16
26 33 15
26 34 23
26 35 3
26 36 20
26 37 12
26 38 6
26 39 9
26 40 19
26 41 21
26 42 25
26 43 11
26 44 19
26 45 16
26 46 16
26 47 30
26 48 16
26 49 28
27 0 8
27 1 14
27 2 8
27 3 17
27 4 5
27 5 24
27 6 26
27 7 25
27 8 26
27 9 7
27 10 10
27 11 15
27 12 14
27 13 27
27 14 24
27 15 5
27 16 28
27 17 15
27 18 21
27 19 8
27 20 16
27 21 11
27 22 23
27 23 16
27 24 25
27 25 3
27 26 2
27 28 26
27 29 22
27 30 27
27 31 11
27 32 11
27 33 13
27 34 24
27 35 11
27 36 6
27 37 21
27 38 26
27 39 8
27 40 5
27 41 9
27 42 1
27 43 17
27 44 11
27 45 16
27 46 30
27 47 23
27 48 19
27 49 14
28 0 28
28 1 7
28 2 23
28 3 10
28 4 9
28 5 26
28 6 30
28 7 3
28 8 26
28 9 16
28 10 20
28 11 2
28 12 22
28 13 15
28 14 5
28 15 23
28 16 7
28 17 14
28 18 27
28 19 20
28 20 2
28 21 21
28 22 25
28 23 26
28 24 29
28 25 3
28 26 22
28 27 27
28 29 21
28 30 29
28 31 15
28 32 8
28 33 29
28 34 22
28 35 18
28 36 11
28 37 15
28 38 17
28 39 20
28 40 16
28 41 14
28 42 13
28 43 30
28 44 15
28 45 22
28 46 27
28 47 17
28 48 21
28 49 23
29 0 24
29 1 24
29 2 26
29 3 9
29 4 2
29 5 29
29 6 12
29 7 12
29 8 14
29 9 1
29 10 18
29 11 13
29 12 14
29 13 6
29 14 9
29 15 24
29 16 16
29 17 27
29 18 2
29 19 8
29 20 30
29 21 3
29 22 5
29 23 19
29 24 14
29 25 10
29 26 17
29 27 5
29 28 28
29 30 18
29 31 24
29 32 22
29 33 8
29 34 25
29 35 30
29 36 27
29 37 20
29 38 29
29 39 21
29 40 14
29 41 27
29 42 27
29 43 16
29 44 25
29 45 3
29 46 4
29 47 2
29 48 13
29 49 12
30 0 23
30 1 6
30 2 17
30 3 25
30 4 9
30 5 11
30 6 2
30 7 21
30 8 26
30 9 25
30 10 23
30 11 7
30 12 8
30 13 10
30 14 26
30 15 20
30 16 12
30 17 21
30 18 29
30 19 30
30 20 30
30 21 28
30 22 10
30 23 7
30 24 20
30 25 1
30 26 26
30 27 18
30 28 3
30 29 23
30 31 21
30 32 22
30 33 26
30 34 21
30 35 6
30 36 17
30 37 15
30 38 26
30 39 23
30 40 4
30 41 1
30 42 27
30 43 15
30 44 28
30 45 12
30 46 22
30 47 29
30 48 26
30 49 3
31 0 21
31 1 12
31 2 2
31 3 23
31 4 25
31 5 16
31 6 26
31 7 13
31 8 4
31 9 3
31 10 14
31 11 22
31 12 12
31 13 10
31 14 9
31 15 21
31 16 30
31 17 26
31 18 23
31 19 15
31 20 13
31 21 4
31 22 16
31 23 29
31 24 25
31 25 16
31 26 2
31 27 2
31 28 1
31 29 5
31 30 12
31 32 27
31 33 22
31 34 15
31 35 26
31 36 23
31 37 14
31 38 24
31 39 17
31 40 29
31 41 15
31 42 19
31 43 14
31 44 10
31 45 13
31 46 4
31 47 21
31 48 20
31 49 3
32 0 28
32 1 13
32 2 13
32 3 8
32 4 30
32 5 14
32 6 11
32 7 10
32 8 1
32 9 12
32 10 6
32 11 29
32 12 23
32 13 16
32 14 21
32 15 13
32 16 29
32 17 24
32 18 10
32 19 20
32 20 14
32 21 11
32 22 22
32 23 16
32 24 23
32 25 28
32 26 14
32 27 20
32 28 27
32 29 15
32 30 30
32 31 13
32 33 24
32 34 26
32 35 30
32 36 8
32 37 23
32 38 25
32 39 13
32 40 5
32 41 17
32 42 28
32 43 16
32 44 30
32 45 3
32 46 17
32 47 23
32 48 20
32 49 17
33 0 30
33 1 20
33 2 9
33 3 11
33 4 24
33 5 27
33 6 14
33 7 18
33 8 6
33 9 29
33 10 8
33 11 18
33 12 12
33 13 17
33 14 12
33 15 24
33 16 5
33 17 4
33 18 3
33 19 13
33 20 12
33 21 12
33 22 2
33 23 23
33 24 14
33 25 14
33 26 11
33 27 21
33 28 15
33 29 16
33 30 8
33 31 1
33 32 12
33 34 19
33 35 27
33 36 24
33 37 1
33 38 20
33 39 17
33 40 23
33 41 19
33 42 25
33 43 7
33 44 7
33 45 3
33 46 26
33 47 2
33 48 8
33 49 2
34 0 29
34 1 25
34 2 11
34 3 28
34 4 18
34 5 22
34 6 3
34 7 13
34 8 8
34 9 15
34 10 18
34 11 26
34 12 8
34 13 24
34 14 9
34 15 10
34 16 24
34 17 18
34 18 2
34 19 16
34 20 28
34 21 6
34 22 18
34 23 23
34 24 5
34 25 15
34 26 20
34 27 10
34 28 27
34 29 21
34 30 2
34 31 27
34 32 3
34 33 4
34 35 26
34 36 20
34 37 12
34 38 30
34 39 22
34 40 7
34 41 24
34 42 17
34 43 15
34 44 1
34 45 19
34 46 2
34 47 30
34 48 26
34 49 26
35 0 22
35 1 8
35 2 28
35 3 19
35 4 21
35 5 5
35 6 5
35 7 6
35 8 14
35 9 10
35 10 27
35 11 16
35 12 4
35 13 18
35 14 3
35 15 12
35 16 19
35 17 5
35 18 13
35 19 2
35 20 11
35 21 27
35 22 1
35 23 14
35 24 18
35 25 29
35 26 15
35 27 28
35 28 10
35 29 26
35 30 14
35 31 4
35 32 7
35 33 11
35 34 29
35 36 30
35 37 28
35 38 15
35 39 6
35 40 30
35 41 28
35 42 16
35 43 18
35 44 5
35 45 16
35 46 29
35 47 18
35 48 10
35 49 26
36 0 30
36 1 7
36 2 17
36 3 9
36 4 16
36 5 3
36 6 29
36 7 14
36 8 10
36 9 14
36 10 14
36 11 24
36 12 30
36 13 22
36 14 25
36 15 5
36 16 16
36 17 23
36 18 17
36 19 10
36 20 6
36 21 11
36 22 14
36 23 1
36 24 23
36 25 29
36 26 24
36 27 12
36 28 28
36 29 9
36 30 27
36 31 9
36 32 27
36 33 18
36 34 15
36 35 11
36 37 21
36 38 29
36 39 8
36 40 7
36 41 15
36 42 27
36 43 14
36 44 28
36 45 19
36 46 15
36 47 17
36 48 19
36 49 23
37 0 24
37 1 21
37 2 15
37 3 15
37 4 24
37 5 14
37 6 13
37 7 10
37 8 18
37 9 10
37 10 18
37 11 12
37 12 4
37 13 24
37 14 20
37 15 11
37 16 15
37 17 18
37 18 25
37 19 22
37 20 29
37 21 11
37 22 19
37 23 29
37 24 2
37 25 18
37 26 3
37 27 14
37 28 11
37 29 27
37 30 21
37 31 25
37 32 29
37 33 21
37 34 14
37 35 20
37 36 5
37 38 26
37 39 12
37 40 2
37 41 21
37 42 18
37 43 11
37 44 15
37 45 6
37 46 22
37 47 15
37 48 3
37 49 5
38 0 11
38 1 7
38 2 18
38 3 12
38 4 6
38 5 10
38 6 2
38 7 16
38 8 11
38 9 11
38 10 16
38 11 20
38 12 25
38 13 24
38 14 25
38 15 15
38 16 25
38 17 15
38 18 24
38 19 26
38 20 28
38 21 8
38 22 28
38 23 3
38 24 15
38 25 23
38 26 30
38 27 10
38 28 24
38 29 18
38 30 21
38 31 21
38 32 17
38 33 7
38 34 23
38 35 26
38 36 9
38 37 27
38 39 22
38 40 25
38 41 18
38 42 9
38 43 1
38 44 13
38 45 28
38 46 16
38 47 22
38 48 7
38 49 25
39 0 1
39 1 6
39 2 19
39 3 10
39 4 3
39 5 24
39 6 23
39 7 27
39 8 9
39 9 14
39 10 27
39 11 7
39 12 17
39 13 14
39 14 2
39 15 7
39 16 3
39 17 12
39 18 30
39 19 28
39 20 25
39 21 23
39 22 1
39 23 3
39 24 16
39 25 21
39 26 3
39 27 22
39 28 13
39 29 4
39 30 18
39 31 18
39 32 27
39 33 26
39 34 2
39 35 30
39 36 20
39 37 8
39 38 10
39 40 1
39 41 27
39 42 26
39 43 22
39 44 28
39 45 10
39 46 28
39 47 14
39 48 16
39 49 10
40 0 3
40 1 9
40 2 24
40 3 20
40 4 19
40 5 28
40 6 5
40 7 22
40 8 8
40 9 7
40 10 1
40 11 23
40 12 22
40 13 21
40 14 9
40 15 8
40 16 20
40 17 5
40 18 28
40 19 23
40 20 10
40 21 28
40 22 21
40 23 2
40 24 15
40 25 15
40 26 1
40 27 26
40 28 20
40 29 18
40 30 6
40 31 6
40 32 15
40 33 1
40 34 29
40 35 28
40 36 14
40 37 28
40 38 25
40 39 29
40 41 18
40 42 16
40 43 24
40 44 23
40 45 8
40 46 7
40 47 23
40 48 13
40 49 23
41 0 29
41 1 1
41 2 26
41 3 11
41 4 27
41 5 22
41 6 30
41 7 1
41 8 23
41 9 28
41 10 16
41 11 3
41 12 25
41 13 26
41 14 1
41 15 12
41 16 14
41 17 12
41 18 28
41 19 2
41 20 21
41 21 30
41 22 28
41 23 5
41 24 29
41 25 24
41 26 9
41 27 2
41 28 3
41 29 30
41 30 7
41 31 26
41 32 23
41 33 4
41 34 10
41 35 10
41 36 5
41 37 17
41 38 8
41 39 13
41 40 1
41 42 7
41 43 22
41 44 16
41 45 15
41 46 17
41 47 15
41 48 8
41 49 16
42 0 6
42 1 17
42 2 5
42 3 2
42 4 12
42 5 21
42 6 7
42 7 30
42 8 8
42 9 8
42 10 20
42 11 4
42 12 13
42 13 26
42 14 20
42 15 20
42 16 11
42 17 23
42 18 29
42 19 14
42 20 7
42 21 27
42 22 4
42 23 8
42 24 4
42 25 24
42 26 19
42 27 5
42 28 27
42 29 4
42 30 1
42 31 12
42 32 27
42 33 26
42 34 30
42 35 6
42 36 19
42 37 26
42 38 30
42 39 22
42 40 15
42 41 1
42 43 7
42 44 13
42 45 4
42 46 24
42 47 6
42 48 12
42 49 16
43 0 23
43 1 19
43 2 16
43 3 13
43 4 11
43 5 2
43 6 1
43 7 24
43 8 18
43 9 10
43 10 21
43 11 22
43 12 20
43 13 13
43 14 20
43 15 27
43 16 30
43 17 2
43 18 7
43 19 1
43 20 22
43 21 1
43 22 3
43 23 2
43 24 16
43 25 11
43 26 15
43 27 28
43 28 14
43 29 26
43 30 19
43 31 2
43 32 17
43 33 14
43 34 19
43 35 17
43 36 1
43 37 3
43 38 27
43 39 30
43 40 1
43 41 3
43 42 2
43 44 3
43 45 22
43 46 28
43 47 20
43 48 9
43 49 28
44 0 7
44 1 3
44 2 29
44 3 24
44 4 9
44 5 5
44 6 30
44 7 27
44 8 4
44 9 13
44 10 24
44 11 17
44 12 30
44 13 6
44 14 5
44 15 3
44 16 12
44 17 28
44 18 12
44 19 20
44 20 25
44 21 18
44 22 7
44 23 27
44 24 17
44 25 18
44 26 24
44 27 15
44 28 18
44 29 21
44 30 28
44 31 1
44 32 7
44 33 14
44 34 24
44 35 6
44 36 11
44 37 3
44 38 7
44 39 27
44 40 19
44 41 28
44 42 4
44 43 8
44 45 27
44 46 6
44 47 15
44 48 7
44 49 29
45 0 4
45 1 22
45 2 8
45 3 12
45 4 7
45 5 5
45 6 25
45 7 30
45 8 16
45 9 10
45 10 19
45 11 15
45 12 11
45 13 28
45 14 14
45 15 3
45 16 6
45 17 22
45 18 12
45 19 1
45 20 3
45 21 10
45 22 11
45 23 14
45 24 6
45 25 9
45 26 15
45 27 19
45 28 15
45 29 2
45 30 11
45 31 21
45 32 29
45 33 26
45 34 29
45 35 5
45 36 8
45 37 3
45 38 19
45 39 11
45 40 23
45 41 26
45 42 5
45 43 1
45 44 27
45 46 14
45 47 21
45 48 21
45 49 26
46 0 23
46 1 23
46 2 21
46 3 19
46 4 3
46 5 26
46 6 16
46 7 8
46 8 15
46 9 28
46 10 5
46 11 21
46 12 11
46 13 7
46 14 7
46 15 2
46 16 4
46 17 23
46 18 26
46 19 29
46 20 6
46 21 11
46 22 16
46 23 7
46 24 8
46 25 26
46 26 28
46 27 6
46 28 4
46 29 26
46 30 27
46 31 14
46 32 23
46 33 18
46 34 22
46 35 10
46 36 6
46 37 22
46 38 8
46 39 7
46 40 1
46 41 26
46 42 27
46 43 22
46 44 12
46 45 16
46 47 27
46 48 30
46 49 21
47 0 25
47 1 8
47 2 13
47 3 24
47 4 4
47 5 11
47 6 24
47 7 4
47 8 15
47 9 23
47 10 28
47 11 24
47 12 22
47 13 18
47 14 20
47 15 18
47 16 17
47 17 12
47 18 15
47 19 3
47 20 11
47 21 21
47 22 15
47 23 27
47 24 30
47 25 18
47 26 14
47 27 20
47 28 24
47 29 13
47 30 30
47 31 25
47 32 19
47 33 24
47 34 10
47 35 6
47 36 6
47 37 28
47 38 21
47 39 18
47 40 28
47 41 20
47 42 9
47 43 14
47 44 1
47 45 10
47 46 8
47 48 2
47 49 29
48 0 6
48 1 11
48 2 25
48 3 3
48 4 7
48 5 1
48 6 10
48 7 10
48 8 29
48 9 30
48 10 23
48 11 23
48 12 9
48 13 8
48 14 2
48 15 23
48 16 27
48 17 10
48 18 26
48 19 19
48 20 6
48 21 19
48 22 4
48 23 18
48 24 26
48 25 25
48 26 15
48 27 16
48 28 1
48 29 24
48 30 30
48 31 9
48 32 30
48 33 10
48 34 16
48 35 4
48 36 19
48 37 25
48 38 28
48 39 8
48 40 2
48 41 13
48 42 9
48 43 28
48 44 25
48 45 13
48 46 27
48 47 16
48 49 14
49 0 1
49 1 13
49 2 21
49 3 1
49 4 24
49 5 4
49 6 19
49 7 19
49 8 24
49 9 3
49 10 2
49 11 1
49 12 6
49 13 16
49 14 2
49 15 25
49 16 25
49 17 8
49 18 29
49 19 19
49 20 16
49 21 19
49 22 19
49 23 25
49 24 24
49 25 22
49 26 23
49 27 25
49 28 16
49 29 10
49 30 27
49 31 5
49 32 29
49 33 28
49 34 26
49 35 28
49 36 4
49 37 7
49 38 4
49 39 7
49 40 8
49 41 7
49 42 23
49 43 18
49 44 13
49 45 7
49 46 14
49 47 22
49 48 22
