58261,58063,58377,58859,58494,57114,58226,58240,58596,57281,58819,58437,58130,58275,58134,57896,58337,58098,58193,57659,57657,57500,58346,57541,57707,58625,58246,58412,57972,58327


Média de afastamento em relacao ao otimo

0.1604676 0.1576047 0.1621358 0.1689971 0.1638117 0.1436075 0.1599629 0.1601648
0.1652673 0.1461043 0.1684320 0.1629960 0.1585756 0.1606692 0.1586335 0.1551748
0.1615613 0.1581122 0.1594865 0.1517022 0.1516728 0.1493565 0.1616906 0.1499626
0.1524079 0.1656802 0.1602513 0.1626378 0.1562823 0.1614175


Tempo 
77.55, 76.36,76.95,77.13,76.97,77.37,77.09,76.45,77.15,77.47,75.96,77.31,76.33,77.29, 77.3,77.35,76.83,77.22,77.2,77.59,78.95,78.15,76.12,76.85,77.44,77.47,77.54,77.23,77.51,78.02