73356,73115,73923,73970,73617,73971,73714,73848,74094,73635,73991,73513,73776,71858,73664,73880,73911,73303,74118,72862,74053,73083,74067,73191,73722,74051,73826,73179,73628,73599

taxa de afastamento do otimo

0.1530618 0.1502701 0.1595579 0.1600919 0.1560645 0.1601033 0.1571750 0.1587044
0.1614976 0.1562708 0.1603303 0.1548706 0.1578833 0.1354059 0.1566030 0.1590688
0.1594215 0.1524494 0.1617691 0.1473196 0.1610333 0.1498981 0.1611919 0.1511525
0.1572665 0.1610107 0.1584537 0.1510133 0.1561906 0.1558581

tempo
537.71 ,536.18, 538.51 ,735.95, 547.13, 535.19 ,540.73, 540.14 ,538.29 ,540.03, 537.5, 547.48 ,543.77 ,537.02, 536.34, 540.16 ,543.09 ,538.89, 543.55, 533.63, 541.71 ,539.37, 538.49,  541.87, 541.76 ,539.21 ,545.92, 542.68 ,540.83, 538.36