39159,38819,39189,39056,39171,39421,39083,38424,39260,39327,39390,38735,39422,39141,38636,39069,38484,38779,38779,39445,38632,38756,39204,39199,38858,38506,39295,38955,38894,39065


Taxas de afastamento do ótimo

0.10615695 0.09832814 0.10684121 0.10379967 0.10643078 0.11209761 0.10441880 0.08905892 0.10845644 0.10997534 0.11139883 0.09637279 0.11212014 0.10574589 0.09405736 0.10409788 0.09047916 0.09739808 0.09739808 0.11263785 0.09396355 0.09686242 0.10718294 0.10706906 0.09923311 0.09099881 0.10925054 0.10147606 0.10006685 0.10400614


TEMPO 

39.9, 40.45, 40.73,40.5,40.4, 40.17, 40.39,40.81, 40.15,40.62, 40.39,40.72,40.43,40.62,40.32,40.07,35.94,35.37,36.15,34.77,35.66,36.22,35.49,35.99,34.95,35.64,40.72,35.46,35.99,35.31


boxplot(a,b, ylab = "Função objetivo", names = c("Sem simplex", "Com simplex"))