73896,73519,73439,73858,73675,73927,73813,73396,73895,74017,73591,74055,71480,74110,73243,74040,73679,71876,73932,73948,73824,73897,73726,73611,73742,73478,73737,73847,73713,73566



 0.1592508 0.1549395 0.1540190 0.1588183 0.1567289 0.1596034 0.1583054 0.1535234
 0.1592395 0.1606253 0.1557663 0.1610560 0.1308338 0.1616786 0.1517551 0.1608860
0.1567747 0.1356225 0.1596602 0.1598421 0.1584309 0.1592622 0.1573122 0.1559957 0.1574951 0.1544680 0.1574379 0.1586930 0.1571636 0.1554794

tempo 

471.81 ,470.02, 470.1 ,468.65, 473.06, 469.76, 470.76, 471.56 ,469.42 ,471.27  471.3, 470.94, 472.62 ,471.68, 471.92, 475.67, 467.98, 472.76, 473.1 ,469.8, 469.85, 475.51 ,469.61, 472.82 ,474.1 ,470.92, 477.91, 472.63, 472.3 ,472.98