58241,58586,58308,58586,58641,58478,58329,58378,58531,58609,58349,58571,58410,58532,58518,58155,58539,58434,58580,58453,58229,58559,58526,58350,58446,58396,58486,58585,58238,58526

taxa de afastamento do otimo

0.1277451 0.1328816 0.1287473 0.1328816 0.1336949 0.1312801 0.1290610 0.1297920
0.1320668 0.1332219 0.1293595 0.1326595 0.1302688 0.1320816 0.1318740 0.1264552
0.1321854 0.1306260 0.1327928 0.1309086 0.1275653 0.1324818 0.1319926 0.1293745
0.1308045 0.1300603 0.1313990 0.1328668 0.1277001 0.1319926

tempo 
245.37 ,246.23 ,246.21, 245.97, 245.21 ,248.23 ,246.71 ,248.53, 249.33 ,248.91, 247.88, 249.47 ,247.64, 249.13 ,246.82 ,244.87, 250.9, 248.17, 247.88 ,250.07, 247.69 ,247.69, 248.32, 246.25, 245.21, 245.13, 245.27, 246.4, 246.38, 248.46