39134,38673,37512,38743,38626,38933,39328,38801,38712,39027,39127,38952,38895,38910,38832,38972,38364,38938,39073,38925,38775,38781,38437,38716,38971,38552,39040,39185,38112,38966


Taxas de afastamento do ótimo

 0.10558594 0.09492411 0.06691192 0.09655938 0.09382281 0.10096833 0.10999797 0.09790985 0.09583592 0.10313373 0.10542592 0.10140686 0.10008999 0.10043691 0.09863000 0.10186801 0.08763424 0.10108377 0.10418959 0.10078356 0.09730496 0.09744462 0.08936702 0.09592933 0.10184496 0.09208342 0.10343238 0.10675003 0.08160160 0.10172971



 Tempo 

 49.87,53.36,53.03,53.33,48.73,48.63,48.58,48.77,48.97,48.78,49.07,49.08,48.67,48.78,48.84,49.13,48.19,48.48,48.4,48.12,49.02,48.35,48.78,48.76,48.59,48.41,48.68,48.72,43.26,48.53