40274,40397,40060,40648,40272,40006,40079,40354,40036,40221,40258,40478,39645,40380,40117,39440,40533,39945,40425,39504,40237,40030,40179,40341,40359,40166,40503,40575,40049,39463


taxas de afastamento

0.1398173 0.1424363 0.1352222 0.1477317 0.1397745 0.1340549 0.1356321 0.1415225
0.1347038 0.1386838 0.1394754 0.1441524 0.1261698 0.1420753 0.1364509 0.1216278
0.1453137 0.1327325 0.1430303 0.1230508 0.1390263 0.1345741 0.1377834 0.1412459
0.1416289 0.1375044 0.1446806 0.1461984 0.1349846 0.1221397

tempo

70.55,65.9,81.51,80.29,80.63,81.16,80.43,79.34,81.42, 81.36,81.59,71.77,65.75, 81.66,81.78,80.43,79.5,80.61,80.82,79.86,80.21,81.23,71.62,66.01,80.62,79.99,80.87,80.75,80.57,80.82