58528,57900,58041,58236,58081,58394,58719,57862,57795,57656,58330,58252,58382,58478,57832,58894,58376,58608,58397,57871,58955,58118,57968,58331,58644,58176,57712,58068,58642,58570



Média de afastamento em relacao ao otimo

0.1642974 0.1552332 0.1572854 0.1601072 0.1578657 0.1623797 0.1670158 0.1546784
0.1536984 0.1516581 0.1614607 0.1603378 0.1622075 0.1635829 0.1542399 0.1694909
0.1621214 0.1654382 0.1624227 0.1548098 0.1703503 0.1584019 0.1562241 0.1614750
0.1659505 0.1592409 0.1524813 0.1576772 0.1659220 0.1648967

59.26,59.13, 59.78, 59.09, 59.49 ,59.08 ,59.38 ,60.06, 59.2, 59.94 ,58.92, 59.34, 59.73 ,58.66, 59.8 ,59.63 ,59.12, 59.47, 58.61, 59.25 ,59.45, 59.3, 60.07, 60.01, 59.86, 59.18 ,59.39, 60.01, 59.34, 59.29