27153,27145,27029,27049,27058,27020,27058,26741, 27068,27127,26872,26747,27032,26933,27174,26878,27099,27164,26671,26986,27035,27156,26811,27063,26865,27074,27108,27127,27056,26847


taxa de afastamento

0.1806062 0.1803647 0.1768471 0.1774557 0.1777293 0.1765729 0.1777293 0.1679818
0.1780331 0.1798208 0.1720378 0.1681684 0.1769384 0.1739130 0.1812394 0.1722226
0.1789734 0.1809380 0.1657981 0.1755355 0.1770298 0.1806967 0.1701540 0.1778812
0.1718221 0.1782153 0.1792460 0.1798208 0.1776685 0.1712668


tempo 
454.16,434.72,439.35,440.33,440.04,438.3,442.99,435.03,437.29,440.96,435.05,435.04,437.96,434.04,438.05,436.21,437.02,438.78,437.47,439.31,436.86,437.45,436.28,438.2,436.19,442.94,435.37, 437.55,439.4, 438.4
