27118,27118,27196,27095,27158,27096,27193,27066,27104,26968,27100,27145,26973,27096,27028,27069,26889,27131,27161,27146,27064,27111,27046,26885,27090,27036,27060,27015,27038,27048

taxa de afastamento

0.1795486 0.1795486 0.1819018 0.1788522 0.1807571 0.1788825 0.1818115 0.1779724
0.1791249 0.1749852 0.1790037 0.1803647 0.1751381 0.1788825 0.1768166 0.1780635
0.1725613 0.1799418 0.1808475 0.1803949 0.1779116 0.1793368 0.1773645 0.1724382
0.1787006 0.1770602 0.1777901 0.1764205 0.1771211 0.1774253

tempo 
362.54,372.09,364.23,365.86, 371.4,368.31,361.93,366.68, 367.43,366.67,371.7,367.03,364.5,365.78,367.54,372.3,369.43,368.52,365.75,368.1,367.25,363.71,366.74,365.81,370.85,366.9,367.32,378.52,369.52,360.2